1, 1 : 208 1, 1 : 208
1, 2 : 309 1, 2 : 309
1, 3 : 410 1, 3 : 410
1, 4 : 526 1, 4 : 526
2, 1 : 309 2, 1 : 309
2, 2 : 208 2, 2 : 208
2, 3 : 309 2, 3 : 208
2, 4 : 425 2, 4 : 324
3, 1 : 201 3, 1 : 201
3, 2 : 302 3, 2 : 302
3, 3 : 403 3, 3 : 316
3, 4 : 519 3, 4 : 432
4, 1 : 302 4, 1 : 302
4, 2 : 201 4, 2 : 201
4, 3 : 302 4, 3 : 201
4, 4 : 418 4, 4 : 317
5, 1 : 418 5, 1 : 418
5, 2 : 317 5, 2 : 317
5, 3 : 418 5, 3 : 317
5, 4 : 302 5, 4 : 201
6, 1 : 519 6, 1 : 519
6, 2 : 418 6, 2 : 317
6, 3 : 317 6, 3 : 317
6, 4 : 403 6, 4 : 302